<Pose> <Wrench>
1.    -3.39628 -0.00728 -0.22983 0.00036 -0.16292 -0.00022
2.    3.39727 -0.06514 -0.02067 0.00326 0.17049 -0.00195
3.    -0.01617 -0.03837 3.40381 0.00192 -0.10292 -0.00115
4.    0.03077 -0.03260 -3.40378 0.00163 0.10365 -0.00098
5.    -0.64535 3.44233 -0.00650 -0.16712 -0.03207 0.10027
6.    -0.40745 -3.37951 -0.02476 0.16896 -0.01963 -0.10139
7.    -0.16673 -0.14467 3.39693 0.00723 -0.11024 -0.00434
8.    -0.00626 0.00328 -3.40401 -0.00016 0.10181 0.00000
9.    -3.40362 0.05114 -0.02061 -0.00256 -0.16956 0.00153
10.   3.40391 -0.03243 0.01032 0.00162 0.16989 -0.00097
11.   -0.00486 0.00381 3.40406 -0.00019 -0.10236 0.00011
12.   0.08958 0.03122 -3.40275 -0.00156 0.10656 0.00094
13.   -0.39904 3.37082 0.25705 -0.16854 -0.02766 0.10112
14.   -0.41075 -3.37919 -0.00651 0.16896 -0.02034 -0.10138
15.   -0.01191 -0.04270 3.40383 0.00213 -0.10271 -0.00128
16.   0.16161 -0.05891 -3.39973 0.00295 0.11007 -0.00177
17.   -3.40369 0.04694 -0.01954 -0.00235 -0.16960 0.00141
18.   -3.40390 -0.02978 -0.00478 0.00149 -0.17005 -0.00089
19.   -3.40276 0.08134 -0.04268 -0.00407 -0.16886 0.00244
20.   3.40280 -0.09003 -0.01918 0.00450 0.17072 -0.00270
21.   -0.67565 -3.33612 -0.03927 0.16681 -0.03260 -0.10008
22.   -0.41075 -3.37919 -0.00651 0.16896 -0.02034 -0.10138
23.   -0.02721 -3.40391 -0.01067 0.17020 -0.00104 -0.10212
24.   -0.60067 -3.33930 -0.27526 0.16697 -0.02178 -0.10018


<rotation matrices>
r1. [0 0 1][1 0 0][0 1 0]
r2. [0 0 -1][1 0 0][0 -1 0]
r3. [0 -1 0][1 0 0][0 0 1]
r4. [0 1 0][1 0 0][0 0 -1]
r5. [1 0 0][0 0 -1][0 1 0]
r6. [1 0 0][0 0 1][0 -1 0]
r7. [1 0 0][0 1 0][0 0 1]
r8. [1 0 0][0 -1 0][0 0 -1]
r9. [0 0 1][0 1 0][-1 0 0]
r10. [0 0 -1][0 1 0][1 0 0]
r11. [-1 0 1][0 -1 0][0 0 1]
r12. [-1 0 1][0 1 0][0 0 -1]
r13. [0 1 0][0 0 -1][-1 0 0]
r14. [0 1 0][0 0 1][1 0 0]
r15. [0 1 0][-1 0 0][0 0 1]
r16. [0 1 0][1 0 0][0 0 -1]
r17. [0 0 1][0 1 0][-1 0 0]
r18. [0 0 1][0 -1 0][1 0 0]
r19. [0 0 1][1 0 0][0 1 0]
r20. [0 0 1][-1 0 0][0 -1 0]
r21. [0 -1 0][0 0 1][-1 0 0]
r22. [0 1 0][0 0 1][1 0 0]
r23. [1 0 0][0 0 1][0 -1 0]
r24. [-1 0 0][0 0 1][0 1 0]
