<Pose> <Wrench>
1.    -3.39628 -0.00922 -0.22971 0.00046 -0.16981 0.00000
2.    3.40403 -0.00987 -0.01270 0.00049 0.17020 0.00000
3.    -0.01293 -0.03667 3.40384 0.00183 -0.00065 0.00000
4.    0.10553 -0.06319 -3.40185 0.00316 0.00528 0.00000
5.    0.01413 3.40399 -0.01036 -0.17020 0.00071 0.00000
6.    -0.00679 -3.40406 -0.00303 0.17020 -0.00034 0.00000
7.    -0.02581 0.00296 3.40400 -0.00015 -0.00129 0.00000
8.    -0.00435 0.00241 -3.40407 -0.00012 -0.00022 0.00000
9.    -3.40403 0.01360 -0.00978 -0.00068 -0.17020 0.00000
10.   3.40407 -0.00879 0.00212 0.00044 0.17020 0.00000
11.   -0.00237 0.00384 3.40407 -0.00019 -0.00012 0.00000
12.   0.09153 0.03546 -3.40266 -0.00177 0.00458 0.00000
13.   0.02404 3.40398 0.00728 -0.17020 0.00120 0.00000
14.   0.05980 -3.40309 -0.05618 0.17015 0.00299 0.00000
15.   0.19691 -0.18526 3.39329 0.00926 0.00985 0.00000
16.   -0.00174 0.00238 -3.40407 -0.00012 0.00000 0.00000
17.   -3.40391 0.02973 -0.01484 -0.00149 -0.17020 0.00000
18.   -3.40333 -0.06869 -0.00820 0.00343 -0.17017 0.00000
19.   -3.40313 0.06998 -0.03531 -0.00350 -0.17016 0.00000
20.   3.40405 -0.00201 -0.01152 0.00010 0.17020 0.00000
21.   -0.01909 -3.40398 -0.01437 0.17020 -0.00010 0.00000
22.   0.08012 -3.40248 -0.06652 0.17012 0.00401 0.00000
23.   -0.00657 -3.40405 -0.00882 0.17020 -0.00033 0.00000
24.   -0.44585 -3.35769 -0.33881 0.16788 -0.02229 0.00000


<rotation matrices>
r1. [0 0 1][1 0 0][0 1 0]
r2. [0 0 -1][1 0 0][0 -1 0]
r3. [0 -1 0][1 0 0][0 0 1]
r4. [0 1 0][1 0 0][0 0 -1]
r5. [1 0 0][0 0 -1][0 1 0]
r6. [1 0 0][0 0 1][0 -1 0]
r7. [1 0 0][0 1 0][0 0 1]
r8. [1 0 0][0 -1 0][0 0 -1]
r9. [0 0 1][0 1 0][-1 0 0]
r10. [0 0 -1][0 1 0][1 0 0]
r11. [-1 0 1][0 -1 0][0 0 1]
r12. [-1 0 1][0 1 0][0 0 -1]
r13. [0 1 0][0 0 -1][-1 0 0]
r14. [0 1 0][0 0 1][1 0 0]
r15. [0 1 0][-1 0 0][0 0 1]
r16. [0 1 0][1 0 0][0 0 -1]
r17. [0 0 1][0 1 0][-1 0 0]
r18. [0 0 1][0 -1 0][1 0 0]
r19. [0 0 1][1 0 0][0 1 0]
r20. [0 0 1][-1 0 0][0 -1 0]
r21. [0 -1 0][0 0 1][-1 0 0]
r22. [0 1 0][0 0 1][1 0 0]
r23. [1 0 0][0 0 1][0 -1 0]
r24. [-1 0 0][0 0 1][0 1 0]
